
100 1e-06
200 1e-06
300 2e-06
400 2e-06
500 1e-06
600 2e-06
700 1e-06
800 1e-06
900 1e-06
1000 1e-06
1100 1e-06
1200 3e-06
1300 1e-06
1400 1e-06
1500 1e-06
1600 1e-06
1700 1e-06
1800 1e-06
1900 1e-06
2000 1e-06
2100 1e-06
2200 1e-06
2300 1e-06
2400 1e-06
2500 1e-06
2600 1e-06
2700 2e-06
2800 1e-06
2900 1e-06
3000 1e-06
3100 1e-06
3200 2e-06
3300 1e-06
3400 1e-06
3500 1e-06
3600 1e-06
3700 2e-06
3800 1e-06
3900 1e-06
4000 1e-06
4100 1e-06
4200 2e-06
4300 1e-06
4400 1e-06
4500 1e-06
4600 1e-06
4700 2e-06
4800 1e-06
4900 1e-06
5000 1e-06
5100 1e-06
5200 1e-06
5300 0
5400 1e-06
5500 1e-06
5600 1e-06
5700 1e-06
5800 1e-06
5900 1e-06
6000 1e-06
6100 1e-06
6200 1e-06
6300 1e-06
6400 1e-06
6500 0
6600 1e-06
6700 1e-06
6800 1e-06
6900 1e-06
7000 1e-06
7100 0
7200 1e-06
7300 1e-06
7400 2e-06
7500 1e-06
7600 2e-06
7700 1e-06
7800 0
7900 1e-06
8000 0
8100 0
8200 1e-06
8300 0
8400 1e-06
8500 1e-06
8600 1e-06
8700 1e-06
8800 1e-06
8900 1e-06
9000 1e-06
9100 0
9200 1e-06
9300 1e-06
9400 2e-06
9500 1e-06
9600 1e-06
9700 1e-06
9800 1e-06
9900 1e-06
10000 0
10100 1e-06
10200 1e-06
10300 1e-06
10400 1e-06
10500 0
10600 1e-06
10700 1e-06
10800 1e-06
10900 1e-06
11000 1e-06
11100 1e-06
11200 1e-06
11300 1e-06
11400 1e-06
11500 1e-06
11600 0
11700 1e-06
11800 0
11900 1e-06
12000 1e-06
12100 1e-06
12200 1e-06
12300 1e-06
12400 1e-06
12500 1e-06
12600 1e-06
12700 1e-06
12800 1e-06
12900 0
13000 0
13100 1e-06
13200 1e-06
13300 1e-06
13400 1e-06
13500 1e-06
13600 0
13700 1e-06
13800 0
13900 1e-06
14000 1e-06
14100 1e-06
14200 0
14300 0
14400 1e-06
14500 1e-06
14600 1e-06
14700 1e-06
14800 1e-06
14900 1e-06
15000 1e-06
15100 1e-06
15200 1e-06
15300 1e-06
15400 1e-06
15500 0
15600 1e-06
15700 1e-06
15800 1e-06
15900 0
16000 0
16100 1e-06
16200 1e-06
16300 1e-06
16400 1e-06
16500 1e-06
16600 1.3e-05
16700 1e-06
16800 1e-06
16900 1e-06
17000 1e-06
17100 1e-06
17200 1e-06
17300 1e-06
17400 1e-06
17500 1e-06
17600 0
17700 0
17800 1e-06
17900 0
18000 0
18100 1e-06
18200 1e-06
18300 1e-06
18400 1e-06
18500 1e-06
18600 1e-06
18700 1e-06
18800 1e-06
18900 0
19000 1e-06
19100 1e-06
19200 1e-06
19300 1e-06
19400 1e-06
19500 1e-06
19600 0
19700 1e-06
19800 1e-06
19900 0
20000 1e-06
20100 2e-06
20200 1e-06
20300 1e-06
20400 2e-06
20500 1e-06
20600 1e-06
20700 1e-06
20800 1e-06
20900 1e-06
21000 1e-06
21100 0
21200 0
21300 1e-06
21400 1e-06
21500 1e-06
21600 1e-06
21700 1e-06
21800 1e-06
21900 1e-06
22000 0
22100 1e-06
22200 0
22300 1e-06
22400 1e-06
22500 0
22600 1e-06
22700 1e-06
22800 1e-06
22900 0
23000 0
23100 1e-06
23200 1e-06
23300 0
23400 1e-06
23500 1e-06
23600 1e-06
23700 1e-06
23800 2e-06
23900 0
24000 1e-06
24100 1e-06
24200 1e-06
24300 0
24400 1e-06
24500 1e-06
24600 1e-06
24700 1e-06
24800 1e-06
24900 1e-06
25000 0
25100 1e-06
25200 1e-06
25300 1e-06
25400 1e-06
25500 1e-06
25600 0
25700 1e-06
25800 0
25900 1e-06
26000 0
26100 1e-06
26200 1e-06
26300 0
26400 1e-06
26500 0
26600 1e-06
26700 1e-06
26800 1e-06
26900 1e-06
27000 1e-06
27100 1e-06
27200 1e-06
27300 0
27400 1e-06
27500 1e-06
27600 1e-06
27700 1e-06
27800 1e-06
27900 1e-06
28000 0
28100 1e-06
28200 1e-06
28300 0
28400 1e-06
28500 1e-06
28600 1e-06
28700 1e-06
28800 1e-06
28900 1e-06
29000 1e-06
29100 1e-06
29200 1e-06
29300 1e-06
29400 1e-06
29500 0
29600 1e-06
29700 1e-06
29800 1e-06
29900 1e-06
30000 1e-06
30100 1e-06
30200 1e-06
30300 1e-06
30400 1e-06
30500 1e-06
30600 1e-06
30700 0
30800 0
30900 1e-06
31000 1e-06
31100 0
31200 0
31300 0
31400 0
31500 1e-06
31600 1e-06
31700 1e-06
31800 1e-06
31900 2e-06
32000 1e-06
32100 1e-06
32200 1e-06
32300 1e-06
32400 1e-06
32500 0
32600 1e-06
32700 1e-06
32800 1e-06
32900 0
33000 1e-06
33100 1e-06
33200 0
33300 0
33400 1e-06
33500 1e-06
33600 1e-06
33700 0
33800 1e-06
33900 1e-06
34000 1e-06
34100 1e-06
34200 0
34300 0
34400 1e-06
34500 1e-06
34600 2e-06
34700 1e-06
34800 1e-06
34900 1e-06
35000 1e-06
35100 0
35200 0
35300 1e-06
35400 1e-06
35500 1e-06
35600 1e-06
35700 1e-06
35800 1e-06
35900 1e-06
36000 0
36100 1e-06
36200 1e-06
36300 0
36400 1e-06
36500 1e-06
36600 1e-06
36700 1e-06
36800 1e-06
36900 0
37000 1e-06
37100 1e-06
37200 1e-06
37300 1e-06
37400 1e-06
37500 1e-06
37600 1e-06
37700 1e-06
37800 1e-06
37900 1e-06
38000 1e-06
38100 2e-06
38200 1e-06
38300 1e-06
38400 1e-06
38500 1e-06
38600 1e-06
38700 1e-06
38800 1e-06
38900 1e-06
39000 1e-06
39100 1e-06
39200 0
39300 1e-06
39400 1e-06
39500 2e-06
39600 1e-06
39700 1e-06
39800 1e-06
39900 1e-06
40000 1e-06
40100 1e-06
40200 0
40300 0
40400 1e-06
40500 1e-06
40600 1e-06
40700 1e-06
40800 1e-06
40900 1e-06
41000 2e-06
41100 1e-06
41200 1e-06
41300 1e-06
41400 1e-06
41500 0
41600 1e-06
41700 1e-06
41800 1e-06
41900 1e-06
42000 0
42100 1e-06
42200 1e-06
42300 0
42400 1e-06
42500 1e-06
42600 1e-06
42700 1e-06
42800 1e-06
42900 0
43000 0
43100 1e-06
43200 1e-06
43300 1e-06
43400 1e-06
43500 1e-06
43600 1e-06
43700 0
43800 1e-06
43900 1e-06
44000 1e-06
44100 0
44200 1e-06
44300 1e-06
44400 1e-06
44500 2e-06
44600 2e-06
44700 1e-06
44800 1e-06
44900 1e-06
45000 1e-06
45100 1e-06
45200 0
45300 2e-06
45400 1e-06
45500 2e-06
45600 1e-06
45700 0
45800 1e-06
45900 1e-06
46000 1e-06
46100 1e-06
46200 1e-06
46300 1e-06
46400 1e-06
46500 1e-06
46600 1e-06
46700 1e-06
46800 1e-06
46900 1e-06
47000 1e-06
47100 1e-06
47200 1e-06
47300 1e-06
47400 1e-06
47500 1e-06
47600 1e-06
47700 0
47800 1e-06
47900 1e-06
48000 1e-06
48100 1e-06
48200 2e-06
48300 1e-06
48400 1e-06
48500 0
48600 1e-06
48700 1e-06
48800 2e-06
48900 0
49000 0
49100 1e-06
49200 2e-06
49300 1e-06
49400 1e-06
49500 1e-06
49600 1e-06
49700 0
49800 1e-06
49900 1e-06
50000 0
50100 1e-06
50200 0
50300 1e-06
50400 1e-06
50500 1e-06
50600 1e-06
50700 1e-06
50800 1e-06
50900 1e-06
51000 1e-06
51100 1e-06
51200 0
51300 0
51400 1e-06
51500 1e-06
51600 1e-06
51700 1e-06
51800 1e-06
51900 1e-06
52000 1e-06
52100 1e-06
52200 1e-06
52300 1e-06
52400 1e-06
52500 1e-06
52600 1e-06
52700 1e-06
52800 2e-06
52900 2e-06
53000 1e-06
53100 1e-06
53200 1e-06
53300 1e-06
53400 0
53500 2e-06
53600 1e-06
53700 1e-06
53800 1e-06
53900 1e-06
54000 1e-06
54100 1e-06
54200 0
54300 1e-06
54400 1e-06
54500 1e-06
54600 1e-06
54700 1e-06
54800 1e-06
54900 1e-06
55000 0
55100 1e-06
55200 0
55300 1e-06
55400 1e-06
55500 1e-06
55600 1e-06
55700 1e-06
55800 1e-06
55900 1e-06
56000 1e-06
56100 1e-06
56200 1e-06
56300 1e-06
56400 0
56500 1e-06
56600 1e-06
56700 1e-06
56800 1e-06
56900 1e-06
57000 1e-06
57100 1e-06
57200 1e-06
57300 2e-06
57400 2e-06
57500 1e-06
57600 0
57700 0
57800 0
57900 0
58000 1e-06
58100 0
58200 1e-06
58300 1e-06
58400 1e-06
58500 1e-06
58600 0
58700 1e-06
58800 1e-06
58900 1e-06
59000 1e-06
59100 1e-06
59200 1e-06
59300 1e-06
59400 1e-06
59500 1e-06
59600 1e-06
59700 0
59800 0
59900 1e-06
60000 1e-06
60100 1e-06
60200 1e-06
60300 1e-06
60400 1e-06
60500 1e-06
60600 1e-06
60700 1e-06
60800 0
60900 1e-06
61000 1e-06
61100 1e-06
61200 1e-06
61300 1e-06
61400 1e-06
61500 1e-06
61600 1e-06
61700 1e-06
61800 1e-06
61900 0
62000 2e-06
62100 1e-06
62200 1e-06
62300 1e-06
62400 1e-06
62500 0
62600 0
62700 2e-06
62800 1e-06
62900 1e-06
63000 1e-06
63100 0
63200 1e-06
63300 0
63400 1e-06
63500 1e-06
63600 1e-06
63700 1e-06
63800 1e-06
63900 1e-06
64000 1e-06
64100 1e-06
64200 1e-06
64300 0
64400 1e-06
64500 1e-06
64600 1e-06
64700 1e-06
64800 0
64900 1e-06
65000 1e-06
65100 1e-06
65200 1e-06
65300 1e-06
65400 1e-06
65500 1e-06
65600 1e-06
65700 1e-06
65800 2e-06
65900 2e-06
66000 1e-06
66100 0
66200 1e-06
66300 0
66400 1e-06
66500 1e-06
66600 2e-06
66700 1e-06
66800 0
66900 1e-06
67000 1e-06
67100 1e-06
67200 1e-06
67300 1e-06
67400 2e-06
67500 1e-06
67600 1e-06
67700 1e-06
67800 1e-06
67900 1e-06
68000 0
68100 0
68200 1e-06
68300 1e-06
68400 1e-06
68500 1e-06
68600 2e-06
68700 2e-06
68800 1e-06
68900 1e-06
69000 1e-06
69100 0
69200 1e-06
69300 1e-06
69400 1e-06
69500 1e-06
69600 1e-06
69700 1e-06
69800 2e-06
69900 1e-06
70000 1e-06
70100 1e-06
70200 0
70300 1e-06
70400 1e-06
70500 1e-06
70600 1e-06
70700 1e-06
70800 1e-06
70900 1e-06
71000 1e-06
71100 1e-06
71200 0
71300 1e-06
71400 1e-06
71500 0
71600 1e-06
71700 0
71800 1e-06
71900 0
72000 1e-06
72100 1e-06
72200 1e-06
72300 2e-06
72400 1e-06
72500 1e-06
72600 0
72700 1e-06
72800 1e-06
72900 1e-06
73000 1e-06
73100 1e-06
73200 0
73300 1e-06
73400 1e-06
73500 1e-06
73600 1e-06
73700 1e-06
73800 1e-06
73900 2e-06
74000 1e-06
74100 1e-06
74200 1e-06
74300 1e-06
74400 1e-06
74500 0
74600 1e-06
74700 2e-06
74800 1e-06
74900 1e-06
75000 1e-06
75100 1e-06
75200 1e-06
75300 1e-06
75400 1e-06
75500 1e-06
75600 1e-06
75700 1e-06
75800 1e-06
75900 2e-06
76000 1e-06
76100 1e-06
76200 1e-06
76300 0
76400 1e-06
76500 1e-06
76600 0
76700 1e-06
76800 1e-06
76900 1e-06
77000 1e-06
77100 1e-06
77200 0
77300 1e-06
77400 1e-06
77500 1e-06
77600 1e-06
77700 1e-06
77800 1e-06
77900 2e-06
78000 1e-06
78100 1e-06
78200 0
78300 1e-06
78400 1e-06
78500 1e-06
78600 1e-06
78700 1e-06
78800 1e-06
78900 1e-06
79000 1e-06
79100 2e-06
79200 1e-06
79300 1e-06
79400 1e-06
79500 1e-06
79600 1e-06
79700 1e-06
79800 1e-06
79900 1e-06
80000 0
80100 1e-06
80200 1e-06
80300 0
80400 1e-06
80500 1e-06
80600 1e-06
80700 1e-06
80800 1e-06
80900 1e-06
81000 1e-06
81100 1e-06
81200 1e-06
81300 1e-06
81400 2e-06
81500 1e-06
81600 1e-06
81700 1e-06
81800 1e-06
81900 0
82000 1e-06
82100 1e-06
82200 2e-06
82300 1e-06
82400 1e-06
82500 0
82600 1e-06
82700 0
82800 1e-06
82900 1e-06
83000 1e-06
83100 0
83200 1e-06
83300 1e-06
83400 1e-06
83500 1e-06
83600 1e-06
83700 1e-06
83800 1e-06
83900 2e-06
84000 1e-06
84100 0
84200 1e-06
84300 1e-06
84400 1e-06
84500 1e-06
84600 1e-06
84700 1e-06
84800 1e-06
84900 1e-06
85000 2e-06
85100 1e-06
85200 1e-06
85300 1e-06
85400 1e-06
85500 1e-06
85600 1e-06
85700 1e-06
85800 0
85900 1e-06
86000 1e-06
86100 1e-06
86200 1e-06
86300 1e-06
86400 1e-06
86500 0
86600 0
86700 1e-06
86800 0
86900 1e-06
87000 1e-06
87100 1e-06
87200 1e-06
87300 1e-06
87400 1e-06
87500 1e-06
87600 0
87700 1e-06
87800 1e-06
87900 1e-06
88000 2e-06
88100 0
88200 2e-06
88300 1e-06
88400 1e-06
88500 0
88600 1e-06
88700 1e-06
88800 1e-06
88900 2e-06
89000 1e-06
89100 1e-06
89200 1e-06
89300 1e-06
89400 1e-06
89500 2e-06
89600 1e-06
89700 1e-06
89800 1e-06
89900 1e-06
90000 0
90100 1e-06
90200 1e-06
90300 1e-06
90400 1e-06
90500 2e-06
90600 1e-06
90700 1e-06
90800 1e-06
90900 1e-06
91000 1e-06
91100 1e-06
91200 1e-06
91300 1e-06
91400 0
91500 1e-06
91600 1e-06
91700 1e-06
91800 1e-06
91900 1e-06
92000 1e-06
92100 1e-06
92200 1e-06
92300 0
92400 1e-06
92500 1e-06
92600 2e-06
92700 1e-06
92800 1e-06
92900 1e-06
93000 1e-06
93100 1e-06
93200 1e-06
93300 1e-06
93400 0
93500 1e-06
93600 1e-06
93700 1e-06
93800 1e-06
93900 1e-06
94000 1e-06
94100 1e-06
94200 1e-06
94300 1e-06
94400 1e-06
94500 1e-06
94600 0
94700 1e-06
94800 1e-06
94900 1e-06
95000 0
95100 1e-06
95200 1e-06
95300 1e-06
95400 1e-06
95500 0
95600 1e-06
95700 0
95800 0
95900 1e-06
96000 1e-06
96100 1e-06
96200 1e-06
96300 1e-06
96400 1e-06
96500 2e-06
96600 1e-06
96700 1e-06
96800 1e-06
96900 1e-06
97000 1e-06
97100 1e-06
97200 1e-06
97300 1e-06
97400 1e-06
97500 1e-06
97600 0
97700 1e-06
97800 1e-06
97900 0
98000 1e-06
98100 1e-06
98200 1e-06
98300 1e-06
98400 1e-06
98500 1e-06
98600 0
98700 1e-06
98800 1e-06
98900 1e-06
99000 2e-06
99100 2e-06
99200 1e-06
99300 1e-06
99400 1e-06
99500 0
99600 1e-06
99700 1e-06
99800 0
99900 1e-06
100000 1e-06
100100 1e-06
100200 1e-06
100300 1e-06
100400 1e-06
100500 0
100600 0
100700 1e-06
100800 1e-06
100900 1e-06
101000 1e-06
101100 1e-06
101200 1e-06
101300 1e-06
101400 0
101500 1e-06
101600 0
101700 0
101800 1e-06
101900 1e-06
102000 0
102100 2e-06
102200 1e-06
102300 1e-06
102400 1e-06
102500 1e-06
102600 0
102700 0
102800 0
102900 1e-06
103000 1e-06
103100 1e-06
103200 2e-06
103300 1e-06
103400 1e-06
103500 1e-06
103600 1e-06
103700 0
103800 1e-06
103900 1e-06
104000 0
104100 1e-06
104200 1e-06
104300 2e-06
104400 2e-06
104500 1e-06
104600 1e-06
104700 0
104800 1e-06
104900 1e-06
105000 0
105100 1e-06
105200 1e-06
105300 1e-06
105400 2e-06
105500 1e-06
105600 1e-06
105700 1e-06
105800 1e-06
105900 0
106000 0
106100 1e-06
106200 0
106300 1e-06
106400 0
106500 1e-06
106600 1e-06
106700 1e-06
106800 0
106900 1e-06
107000 1e-06
107100 1e-06
107200 1e-06
107300 1e-06
107400 1e-06
107500 1e-06
107600 0
107700 1e-06
107800 0
107900 1e-06
108000 1e-06
108100 1e-06
108200 1e-06
108300 2e-06
108400 1e-06
108500 1e-06
108600 0
108700 1e-06
108800 1e-06
108900 1e-06
109000 1e-06
109100 0
109200 1e-06
109300 2e-06
109400 1e-06
109500 1e-06
109600 1e-06
109700 0
109800 1e-06
109900 1e-06
110000 2e-06
110100 0
110200 2e-06
110300 1e-06
110400 0
110500 1e-06
110600 1e-06
110700 1e-06
110800 1e-06
110900 1e-06
111000 0
111100 0
111200 1e-06
111300 1e-06
111400 1e-06
111500 1e-06
111600 1e-06
111700 0
111800 1e-06
111900 1e-06
112000 0
112100 1e-06
112200 0
112300 2e-06
112400 1e-06
112500 0
112600 1e-06
112700 1e-06
112800 1e-06
112900 1e-06
113000 1e-06
113100 1e-06
113200 1e-06
113300 1e-06
113400 1e-06
113500 1e-06
113600 1e-06
113700 0
113800 1e-06
113900 1e-06
114000 0
114100 1e-06
114200 1e-06
114300 2e-06
114400 5e-06
114500 1e-06
114600 1e-06
114700 1e-06
114800 1e-06
114900 1e-06
115000 1e-06
115100 1e-06
115200 1e-06
115300 1e-06
115400 1e-06
115500 1e-06
115600 1e-06
115700 1e-06
115800 1e-06
115900 1e-06
116000 1e-06
116100 1e-06
116200 1e-06
116300 1e-06
116400 1e-06
116500 1e-06
116600 1e-06
116700 1e-06
116800 1e-06
116900 1e-06
117000 0
117100 1e-06
117200 1e-06
117300 2e-06
117400 2e-06
117500 1e-06
117600 0
117700 1e-06
117800 1e-06
117900 1e-06
118000 0
118100 1e-06
118200 1e-06
118300 1e-06
118400 1e-06
118500 1e-06
118600 1e-06
118700 1e-06
118800 1e-06
118900 1e-06
119000 1e-06
119100 1e-06
119200 1e-06
119300 1e-06
119400 1e-06
119500 0
119600 1e-06
119700 1e-06
119800 1e-06
119900 1e-06
120000 1e-06
120100 0
120200 1e-06
120300 1e-06
120400 1e-06
120500 1e-06
120600 1e-06
120700 1e-06
120800 1e-06
120900 1e-06
121000 1e-06
121100 1e-06
121200 2e-06
121300 1e-06
121400 1e-06
121500 0
121600 1e-06
121700 0
121800 1e-06
121900 1e-06
122000 1e-06
122100 1e-06
122200 1e-06
122300 0
122400 1e-06
122500 1e-06
122600 0
122700 0
122800 0
122900 1e-06
123000 2e-06
123100 1e-06
123200 2e-06
123300 1e-06
123400 0
123500 0
123600 1e-06
123700 0
123800 1e-06
123900 1e-06
124000 1e-06
124100 1.7e-05
124200 1e-06
124300 1e-06
124400 1e-06
124500 1e-06
124600 0
124700 1e-06
124800 1e-06
124900 1e-06
125000 1e-06
125100 1e-06
125200 1e-06
125300 1e-06
125400 1e-06
125500 0
125600 0
125700 1e-06
125800 1e-06
125900 1e-06
126000 1e-06
126100 1e-06
126200 1e-06
126300 0
126400 1e-06
126500 1e-06
126600 1e-06
126700 1e-06
126800 1e-06
126900 2e-06
127000 1e-06
127100 0
127200 0
127300 1e-06
127400 0
127500 1e-06
127600 1e-06
127700 1e-06
127800 1e-06
127900 1e-06
128000 0
128100 1e-06
128200 0
128300 1e-06
128400 1e-06
128500 1e-06
128600 0
128700 1e-06
128800 1e-06
128900 1e-06
129000 1e-06
129100 1e-06
129200 1e-06
129300 1e-06
129400 1e-06
129500 1e-06
129600 1e-06
129700 1e-06
129800 1e-06
129900 1e-06
130000 1e-06
130100 1e-06
130200 1e-06
130300 1e-06
130400 1e-06
130500 1e-06
130600 1e-06
130700 1e-06
130800 1e-06
130900 2e-06
131000 0
131100 1e-06
131200 1e-06
131300 0
131400 1e-06
131500 1e-06
131600 1e-06
131700 0
131800 0
131900 1e-06
132000 1e-06
132100 1e-06
132200 0
132300 2e-06
132400 1e-06
132500 1e-06
132600 1e-06
132700 1e-06
132800 2e-06
132900 3e-06
133000 1e-06
133100 0
133200 1e-06
133300 1e-06
133400 1e-06
133500 1e-06
133600 1e-06
133700 0
133800 1e-06
133900 0
134000 1e-06
134100 1e-06
134200 1e-06
134300 1e-06
134400 1e-06
134500 1e-06
134600 1e-06
134700 1e-06
134800 1e-06
134900 1e-06
135000 1e-06
135100 1e-06
135200 0
135300 0
135400 0
135500 1e-06
135600 2e-06
135700 0
135800 0
135900 1e-06
136000 1e-06
136100 0
136200 1e-06
136300 0
136400 1e-06
136500 0
136600 1e-06
136700 1e-06
136800 1e-06
136900 1e-06
137000 1e-06
137100 1e-06
137200 1e-06
137300 1e-06
137400 1e-06
137500 0
137600 1e-06
137700 2e-06
137800 1e-06
137900 0
138000 1e-06
138100 1e-06
138200 1e-06
138300 2e-06
138400 1e-06
138500 2e-06
138600 1e-06
138700 1e-06
138800 1e-06
138900 1e-06
139000 1e-06
139100 1e-06
139200 0
139300 1e-06
139400 1e-06
139500 2e-06
139600 1e-06
139700 0
139800 1e-06
139900 1e-06
140000 1e-06
140100 1e-06
140200 1e-06
140300 1e-06
140400 1e-06
140500 1e-06
140600 1e-06
140700 0
140800 1e-06
140900 1e-06
141000 1e-06
141100 1e-06
141200 2e-06
141300 3e-06
141400 0
141500 1e-06
141600 1e-06
141700 0
141800 0
141900 1e-06
142000 1e-06
142100 1e-06
142200 1e-06
142300 0
142400 1e-06
142500 1e-06
142600 1e-06
142700 1e-06
142800 1e-06
142900 1e-06
143000 1e-06
143100 1e-06
143200 1e-06
143300 1e-06
143400 1e-06
143500 1e-06
143600 1e-06
143700 1e-06
143800 1e-06
143900 1e-06
144000 1e-06
144100 1e-06
144200 0
144300 1e-06
144400 1e-06
144500 1e-06
144600 1e-06
144700 1e-06
144800 1e-06
144900 1e-06
145000 1e-06
145100 1e-06
145200 0
145300 1e-06
145400 1e-06
145500 1e-06
145600 2e-06
145700 1e-06
145800 1e-06
145900 1e-06
146000 0
146100 1e-06
146200 1e-06
146300 0
146400 0
146500 2e-06
146600 1e-06
146700 1e-06
146800 0
146900 1e-06
147000 2e-06
147100 0
147200 1e-06
147300 1e-06
147400 1e-06
147500 2e-06
147600 1e-06
147700 1e-06
147800 0
147900 1e-06
148000 1e-06
148100 1e-06
148200 1e-06
148300 1e-06
148400 1e-06
148500 1e-06
148600 0
148700 1e-06
148800 1e-06
148900 1e-06
149000 2e-06
149100 1e-06
149200 1e-06
149300 0
149400 1e-06
149500 0
149600 1e-06
149700 1e-06
149800 1e-06
149900 1e-06
150000 0
150100 1e-06
150200 1e-06
150300 1e-06
150400 1e-06
150500 0
150600 1e-06
150700 2e-06
150800 1e-06
150900 1e-06
151000 1e-06
151100 1e-06
151200 0
151300 1e-06
151400 1e-06
151500 1e-06
151600 1e-06
151700 1e-06
151800 1e-06
151900 0
152000 1e-06
152100 1e-06
152200 1e-06
152300 2e-06
152400 1e-06
152500 2e-06
152600 1e-06
152700 1e-06
152800 0
152900 2e-06
153000 1e-06
153100 1e-06
153200 1e-06
153300 2e-06
153400 1e-06
153500 1e-06
153600 1e-06
153700 0
153800 1e-06
153900 1e-06
154000 1e-06
154100 0
154200 1e-06
154300 1e-06
154400 1e-06
154500 1e-06
154600 1e-06
154700 1e-06
154800 1e-06
154900 1e-06
155000 1e-06
155100 1e-06
155200 1e-06
155300 2e-06
155400 1e-06
155500 2e-06
155600 1e-06
155700 1e-06
155800 0
155900 1e-06
156000 1e-06
156100 1e-06
156200 0
156300 1e-06
156400 2e-06
156500 1e-06
156600 1e-06
156700 1e-06
156800 1e-06
156900 1e-06
157000 1e-06
157100 1e-06
157200 1e-06
157300 2e-06
157400 1e-06
157500 1e-06
157600 0
157700 1e-06
157800 1e-06
157900 1e-06
158000 3e-06
158100 1e-06
158200 1e-06
158300 1e-06
158400 1e-06
158500 1e-06
158600 1e-06
158700 1e-06
158800 1e-06
158900 1e-06
159000 1e-06
159100 0
159200 1e-06
159300 1e-06
159400 1e-06
159500 1e-06
159600 1e-06
159700 1e-06
159800 1e-06
159900 1e-06
160000 1e-06
160100 1e-06
160200 1e-06
160300 0
160400 2e-06
160500 2e-06
160600 2e-06
160700 1e-06
160800 0
160900 1e-06
161000 2e-06
161100 1e-06
161200 1e-06
161300 1e-06
161400 2e-06
161500 1e-06
161600 1e-06
161700 1e-06
161800 1e-06
161900 1e-06
162000 1e-06
162100 1e-06
162200 2e-06
162300 1e-06
162400 1e-06
162500 1e-06
162600 1e-06
162700 1e-06
162800 2e-06
162900 1e-06
163000 0
163100 1e-06
163200 1e-06
163300 1e-06
163400 1e-06
163500 2e-06
163600 1e-06
163700 1e-06
163800 1e-06
163900 1e-06
164000 1e-06
164100 1e-06
164200 1e-06
164300 1e-06
164400 1e-06
164500 1e-06
164600 1e-06
164700 1e-06
164800 1e-06
164900 1e-06
165000 0
165100 1e-06
165200 1e-06
165300 1e-06
165400 1e-06
165500 1e-06
165600 1e-06
165700 0
165800 0
165900 1e-06
166000 0
166100 2e-06
166200 1e-06
166300 1e-06
166400 1e-06
166500 1e-06
166600 2e-06
166700 1e-06
166800 1e-06
166900 2e-06
167000 1e-06
167100 1e-06
167200 1e-06
167300 1e-06
167400 1e-06
167500 1e-06
167600 2e-06
167700 1e-06
167800 2e-06
167900 1e-06
168000 1e-06
168100 1e-06
168200 1e-06
168300 1e-06
168400 0
168500 1e-06
168600 0
168700 1e-06
168800 1e-06
168900 1e-06
169000 1e-06
169100 0
169200 1e-06
169300 1e-06
169400 1e-06
169500 1e-06
169600 1e-06
169700 0
169800 1e-06
169900 1e-06
170000 2e-06
170100 2e-06
170200 1e-06
170300 1e-06
170400 0
170500 0
170600 1e-06
170700 0
170800 1e-06
170900 1e-06
171000 0
171100 1e-06
171200 1e-06
171300 1e-06
171400 2e-06
171500 1e-06
171600 1e-06
171700 1e-06
171800 1e-06
171900 1e-06
172000 1e-06
172100 1e-06
172200 1e-06
172300 1e-06
172400 2e-06
172500 1e-06
172600 1e-06
172700 0
172800 1e-06
172900 1e-06
173000 0
173100 1e-06
173200 1e-06
173300 1e-06
173400 1e-06
173500 1e-06
173600 1e-06
173700 0
173800 1e-06
173900 0
174000 1e-06
174100 1e-06
174200 0
174300 1e-06
174400 1e-06
174500 0
174600 1e-06
174700 2e-06
174800 1e-06
174900 1e-06
175000 1e-06
175100 1e-06
175200 1e-06
175300 0
175400 0
175500 1e-06
175600 2e-06
175700 1e-06
175800 1e-06
175900 1e-06
176000 1e-06
176100 0
176200 1e-06
176300 2e-06
176400 1e-06
176500 1e-06
176600 1e-06
176700 2e-06
176800 1e-06
176900 0
177000 1e-06
177100 1e-06
177200 1e-06
177300 1e-06
177400 1e-06
177500 0
177600 1e-06
177700 1e-06
177800 1e-06
177900 1e-06
178000 1e-06
178100 1e-06
178200 1e-06
178300 0
178400 1e-06
178500 1e-06
178600 1e-06
178700 1e-06
178800 1e-06
178900 1e-06
179000 1e-06
179100 1e-06
179200 2e-06
179300 1e-06
179400 1e-06
179500 1e-06
179600 1e-06
179700 1e-06
179800 1e-06
179900 0
180000 1e-06
180100 1e-06
180200 1e-06
180300 0
180400 1e-06
180500 1e-06
180600 0
180700 1e-06
180800 0
180900 2e-06
181000 1e-06
181100 0
181200 1e-06
181300 1e-06
181400 0
181500 0
181600 2e-06
181700 1e-06
181800 1e-06
181900 1e-06
182000 0
182100 1e-06
182200 1e-06
182300 0
182400 2e-06
182500 2e-06
182600 1e-06
182700 1e-06
182800 1e-06
182900 0
183000 1e-06
183100 1e-06
183200 1e-06
183300 1e-06
183400 0
183500 0
183600 1e-06
183700 0
183800 0
183900 1e-06
184000 1e-06
184100 1e-06
184200 1e-06
184300 1e-06
184400 0
184500 0
184600 1.3e-05
184700 2e-06
184800 1e-06
184900 1e-06
185000 1e-06
185100 1e-06
185200 1e-06
185300 1e-06
185400 1e-06
185500 1e-06
185600 1e-06
185700 0
185800 1e-06
185900 1e-06
186000 0
186100 1e-06
186200 2e-06
186300 1e-06
186400 0
186500 0
186600 1e-06
186700 2e-06
186800 1e-06
186900 1e-06
187000 2e-06
187100 1e-06
187200 1e-06
187300 1e-06
187400 1e-06
187500 1e-06
187600 1e-06
187700 2e-06
187800 1e-06
187900 1e-06
188000 1e-06
188100 1e-06
188200 0
188300 1e-06
188400 1e-06
188500 1e-06
188600 1e-06
188700 1e-06
188800 0
188900 1e-06
189000 1e-06
189100 2e-06
189200 1e-06
189300 1e-06
189400 1e-06
189500 2e-06
189600 1e-06
189700 1e-06
189800 1e-06
189900 2e-06
190000 1e-06
190100 1e-06
190200 1e-06
190300 0
190400 1e-06
190500 1e-06
190600 1e-06
190700 0
190800 0
190900 0
191000 0
191100 1e-06
191200 1e-06
191300 1e-06
191400 1e-06
191500 1e-06
191600 1e-06
191700 2e-06
191800 1e-06
191900 0
192000 2e-06
192100 1e-06
192200 1e-06
192300 1e-06
192400 1e-06
192500 1e-06
192600 1e-06
192700 1e-06
192800 1e-06
192900 1e-06
193000 1e-06
193100 1e-06
193200 1e-06
193300 1e-06
193400 1e-06
193500 1e-06
193600 1e-06
193700 0
193800 1e-06
193900 2e-06
194000 2e-06
194100 1e-06
194200 1e-06
194300 1e-06
194400 2e-06
194500 1e-06
194600 1e-06
194700 0
194800 0
194900 2e-06
195000 1e-06
195100 1e-06
195200 1e-06
195300 1e-06
195400 0
195500 1e-06
195600 1e-06
195700 1e-06
195800 0
195900 0
196000 1e-06
196100 1e-06
196200 1e-06
196300 1e-06
196400 1e-06
196500 1e-06
196600 0
196700 0
196800 1e-06
196900 1e-06
197000 0
197100 1e-06
197200 1e-06
197300 1e-06
197400 1e-06
197500 1e-06
197600 1e-06
197700 1e-06
197800 1e-06
197900 1e-06
198000 2e-06
198100 0
198200 1e-06
198300 1e-06
198400 1e-06
198500 1e-06
198600 1e-06
198700 1e-06
198800 0
198900 1e-06
199000 1e-06
199100 1e-06
199200 1e-06
199300 1e-06
199400 1e-06
199500 1e-06
199600 1e-06
199700 1e-06
199800 1e-06
199900 0
200000 1e-06
200100 1e-06
200200 1e-06
200300 1e-06
200400 1e-06
200500 1e-06
200600 1e-06
200700 2e-06
200800 1e-06
200900 0
201000 1e-06
201100 1e-06
201200 1e-06
201300 1e-06
201400 1e-06
201500 1e-06
201600 1e-06
201700 1e-06
201800 1e-06
201900 0
202000 1e-06
202100 1e-06
202200 2e-06
202300 1e-06
202400 1e-06
202500 0
202600 1e-06
202700 0
202800 0
202900 2e-06
203000 1e-06
203100 1e-06
203200 0
203300 1e-06
203400 0
203500 1e-06
203600 3e-06
203700 1e-06
203800 1e-06
203900 1e-06
204000 1e-06
204100 0
204200 1e-06
204300 1e-06
204400 1e-06
204500 0
204600 0
204700 1e-06
204800 1e-06
204900 1e-06
205000 1e-06
205100 1e-06
205200 1e-06
205300 1e-06
205400 1e-06
205500 1e-06
205600 1e-06
205700 1e-06
205800 1e-06
205900 1e-06
206000 1e-06
206100 1e-06
206200 1e-06
206300 1e-06
206400 1e-06
206500 1e-06
206600 2e-06
206700 1e-06
206800 1e-06
206900 1e-06
207000 0
207100 1e-06
207200 1e-06
207300 0
207400 1e-06
207500 1e-06
207600 1e-06
207700 1e-06
207800 0
207900 1e-06
208000 1e-06
208100 0
208200 1e-06
208300 1e-06
208400 1e-06
208500 1e-06
208600 2e-06
208700 1e-06
208800 1e-06
208900 0
209000 1e-06
209100 1e-06
209200 0
209300 2e-06
209400 1e-06
209500 1e-06
209600 0
209700 0
209800 1e-06
209900 0
210000 1e-06
210100 1e-06
210200 1e-06
210300 0
210400 1e-06
210500 2e-06
210600 2e-06
210700 1e-06
210800 1e-06
210900 2e-06
211000 1e-06
211100 1e-06
211200 0
211300 1e-06
211400 1e-06
211500 1e-06
211600 1e-06
211700 1e-06
211800 1e-06
211900 1e-06
212000 1e-06
212100 2e-06
212200 1e-06
212300 0
212400 1e-06
212500 1e-06
212600 0
212700 1e-06
212800 2e-06
212900 1e-06
213000 1e-06
213100 1e-06
213200 0
213300 2e-06
213400 1e-06
213500 1e-06
213600 1e-06
213700 1e-06
213800 1e-06
213900 1e-06
214000 1e-06
214100 1e-06
214200 2e-06
214300 1e-06
214400 1e-06
214500 1e-06
214600 1e-06
214700 1e-06
214800 1e-06
214900 1e-06
215000 1e-06
215100 1e-06
215200 1e-06
215300 1e-06
215400 0
215500 1e-06
215600 1e-06
215700 1e-06
215800 0
215900 1e-06
216000 1e-06
216100 0
216200 1e-06
216300 1e-06
216400 0
216500 1e-06
216600 1e-06
216700 1e-06
216800 1e-06
216900 0
217000 1e-06
217100 1e-06
217200 0
217300 0
217400 2e-06
217500 2e-06
217600 0
217700 1e-06
217800 1e-06
217900 1e-06
218000 0
218100 1e-06
218200 1e-06
218300 2e-06
218400 1e-06
218500 0
218600 1e-06
218700 1e-06
218800 1e-06
218900 1e-06
219000 1e-06
219100 0
219200 1e-06
219300 1e-06
219400 0
219500 1e-06
219600 1e-06
219700 1e-06
219800 1e-06
219900 1e-06
220000 2e-06
220100 1e-06
220200 1e-06
220300 1e-06
220400 1e-06
220500 1e-06
220600 1e-06
220700 1e-06
220800 0
220900 0
221000 1e-06
221100 1e-06
221200 0
221300 0
221400 1e-06
221500 0
221600 1e-06
221700 1e-06
221800 1e-06
221900 1e-06
222000 1e-06
222100 1e-06
222200 0
222300 1e-06
222400 1e-06
222500 2e-06
222600 1e-06
222700 1e-06
222800 0
222900 1e-06
223000 2e-06
223100 1e-06
223200 1e-06
223300 1e-06
223400 1e-06
223500 0
223600 0
223700 1e-06
223800 1e-06
223900 1e-06
224000 1e-06
224100 1e-06
224200 1e-06
224300 2e-06
224400 1e-06
224500 1e-06
224600 2e-06
224700 0
224800 1e-06
224900 1e-06
225000 1e-06
225100 1e-06
225200 0
225300 1e-06
225400 1e-06
225500 0
225600 1e-06
225700 1e-06
225800 1e-06
225900 1e-06
226000 1e-06
226100 1e-06
226200 1e-06
226300 1e-06
226400 1e-06
226500 1e-06
226600 0
226700 1e-06
226800 1e-06
226900 1e-06
227000 1e-06
227100 1e-06
227200 1e-06
227300 1e-06
227400 0
227500 1e-06
227600 1e-06
227700 1e-06
227800 1e-06
227900 1e-06
228000 1e-06
228100 0
228200 1e-06
228300 1e-06
228400 1e-06
228500 1e-06
228600 0
228700 1e-06
228800 1e-06
228900 1e-06
229000 2e-06
229100 1e-06
229200 1e-06
229300 1e-06
229400 0
229500 1e-06
229600 2e-06
229700 1e-06
229800 1e-06
229900 0
230000 1e-06
230100 1e-06
230200 1e-06
230300 2e-06
230400 1e-06
230500 1e-06
230600 1e-06
230700 1e-06
230800 2e-06
230900 1e-06
231000 1e-06
231100 1e-06
231200 0
231300 1e-06
231400 0
231500 1e-06
231600 1e-06
231700 1e-06
231800 1e-06
231900 1e-06
232000 0
232100 1e-06
232200 1e-06
232300 0
232400 0
232500 1e-06
232600 0
232700 0
232800 1e-06
232900 1e-06
233000 0
233100 1e-06
233200 2e-06
233300 1e-06
233400 1e-06
233500 1e-06
233600 1e-06
233700 1e-06
233800 0
233900 1e-06
234000 1e-06
234100 1e-06
234200 1e-06
234300 1e-06
234400 0
234500 1e-06
234600 0
234700 1e-06
234800 1e-06
234900 1e-06
235000 1e-06
235100 1e-06
235200 1e-06
235300 1e-06
235400 1e-06
235500 2e-06
235600 0
235700 0
235800 0
235900 0
236000 0
236100 1e-06
236200 1e-06
236300 0
236400 1e-06
236500 1e-06
236600 1e-06
236700 2e-06
236800 1e-06
236900 1e-06
237000 0
237100 1e-06
237200 1e-06
237300 2e-06
237400 0
237500 1e-06
237600 1e-06
237700 1e-06
237800 0
237900 1e-06
238000 1e-06
238100 0
238200 1e-06
238300 1e-06
238400 1e-06
238500 1e-06
238600 1e-06
238700 1e-06
238800 1e-06
238900 0
239000 1e-06
239100 0
239200 1e-06
239300 1e-06
239400 1e-06
239500 1e-06
239600 1e-06
239700 1e-06
239800 1e-06
239900 1e-06
240000 2e-06
240100 1e-06
240200 2e-06
240300 1e-06
240400 1e-06
240500 1e-06
240600 1e-06
240700 1e-06
240800 1e-06
240900 1e-06
241000 1e-06
241100 1e-06
241200 1e-06
241300 0
241400 1e-06
241500 1e-06
241600 1e-06
241700 1e-06
241800 2e-06
241900 1e-06
242000 1e-06
242100 1e-06
242200 1e-06
242300 0
242400 1e-06
242500 1e-06
242600 1e-06
242700 1e-06
242800 1e-06
242900 1e-06
243000 1e-06
243100 1e-06
243200 1e-06
243300 0
243400 1e-06
243500 1e-06
243600 1e-06
243700 1e-06
243800 1e-06
243900 1e-06
244000 1e-06
244100 1e-06
244200 1e-06
244300 1e-06
244400 1e-06
244500 1e-06
244600 1e-06
244700 0
244800 1e-06
244900 1e-06
245000 1e-06
245100 0
245200 0
245300 1e-06
245400 0
245500 1e-06
245600 1e-06
245700 0
245800 0
245900 2e-06
246000 1e-06
246100 1e-06
246200 1e-06
246300 1e-06
246400 1e-06
246500 0
246600 1e-06
246700 0
246800 1e-06
246900 2e-06
247000 1e-06
247100 1e-06
247200 1e-06
247300 0
247400 0
247500 2e-06
247600 1e-06
247700 1e-06
247800 1e-06
247900 2e-06
248000 1e-06
248100 1e-06
248200 2e-06
248300 1e-06
248400 1e-06
248500 1e-06
248600 1e-06
248700 1e-06
248800 2e-06
248900 1e-06
249000 1e-06
249100 0
249200 0
249300 1e-06
249400 1e-06
249500 1e-06
249600 1e-06
249700 1e-06
249800 1e-06
249900 0
250000 1e-06
250100 1e-06
250200 0
250300 1e-06
250400 1e-06
250500 0
250600 1e-06
250700 2e-06
250800 1e-06
250900 0
251000 1e-06
251100 1e-06
251200 1e-06
251300 2e-06
251400 1e-06
251500 0
251600 1e-06
251700 1e-06
251800 3e-06
251900 1e-06
252000 0
252100 1e-06
252200 1e-06
252300 1e-06
252400 0
252500 1e-06
252600 1e-06
252700 1e-06
252800 1e-06
252900 0
253000 1e-06
253100 1e-06
253200 1e-06
253300 1e-06
253400 1e-06
253500 1e-06
253600 1e-06
253700 2e-06
253800 1e-06
253900 1e-06
254000 1e-06
254100 2e-06
254200 1e-06
254300 1e-06
254400 1e-06
254500 1e-06
254600 1e-06
254700 1e-06
254800 1e-06
254900 2e-06
255000 1e-06
255100 1e-06
255200 1e-06
255300 0
255400 1e-06
255500 1e-06
255600 1e-06
255700 1e-06
255800 1e-06
255900 1e-06
256000 1e-06
256100 1e-06
256200 2e-06
256300 0
256400 1e-06
256500 1e-06
256600 0
256700 2e-06
256800 1e-06
256900 0
257000 0
257100 1e-06
257200 0
257300 1e-06
257400 1e-06
257500 1e-06
257600 1e-06
257700 0
257800 1e-06
257900 1e-06
258000 1e-06
258100 2e-06
258200 1e-06
258300 1e-06
258400 0
258500 1e-06
258600 1e-06
258700 0
258800 1e-06
258900 1e-06
259000 1e-06
259100 1e-06
259200 1e-06
259300 1e-06
259400 0
259500 1e-06
259600 0
259700 1e-06
259800 1e-06
259900 1e-06
260000 1e-06
260100 1e-06
260200 1e-06
260300 2e-06
260400 2e-06
260500 1e-06
260600 1e-06
260700 1e-06
260800 1e-06
260900 2e-06
261000 1e-06
261100 1e-06
261200 0
261300 0
261400 1e-06
261500 1e-06
261600 1e-06
261700 0
261800 0
261900 1e-06
262000 1e-06
262100 1e-06
262200 1e-06
262300 1e-06
262400 1e-06
262500 1e-06
262600 0
262700 1e-06
262800 2e-06
262900 0
263000 1e-06
263100 1e-06
263200 1e-06
263300 1e-06
263400 1e-06
263500 1e-06
263600 1e-06
263700 2e-06
263800 1e-06
263900 1e-06
264000 2e-06
264100 1e-06
264200 0
264300 0
264400 1e-06
264500 1e-06
264600 1e-06
264700 1e-06
264800 0
264900 1e-06
265000 1e-06
265100 1e-06
265200 1e-06
265300 1e-06
265400 1e-06
265500 1e-06
265600 1e-06
265700 1e-06
265800 1e-06
265900 1e-06
266000 2e-06
266100 1e-06
266200 1e-06
266300 1e-06
266400 1e-06
266500 1e-06
266600 1e-06
266700 1e-06
266800 1e-06
266900 2e-06
267000 1e-06
267100 0
267200 1e-06
267300 1e-06
267400 1e-06
267500 1e-06
267600 1e-06
267700 1e-06
267800 1e-06
267900 2e-06
268000 1e-06
268100 2e-06
268200 1e-06
268300 1e-06
268400 0
268500 2e-06
268600 2e-06
268700 1e-06
268800 1e-06
268900 1e-06
269000 1e-06
269100 2e-06
269200 1e-06
269300 0
269400 2e-06
269500 1e-06
269600 1e-06
269700 1e-06
269800 1e-06
269900 1e-06
270000 1e-06
270100 1e-06
270200 1e-06
270300 2e-06
270400 1e-06
270500 1e-06
270600 1e-06
270700 1e-06
270800 1e-06
270900 1e-06
271000 1e-06
271100 1e-06
271200 1e-06
271300 1e-06
271400 1e-06
271500 1e-06
271600 1e-06
271700 1e-06
271800 1e-06
271900 2e-06
272000 1e-06
272100 1e-06
272200 1e-06
272300 1e-06
272400 1e-06
272500 1e-06
272600 1e-06
272700 1e-06
272800 0
272900 1e-06
273000 1e-06
273100 1e-06
273200 1e-06
273300 1e-06
273400 0
273500 1e-06
273600 1e-06
273700 1e-06
273800 1e-06
273900 0
274000 1e-06
274100 0
274200 0
274300 1e-06
274400 2e-06
274500 1e-06
274600 1e-06
274700 1e-06
274800 1e-06
274900 1e-06
275000 1e-06
275100 1e-06
275200 1e-06
275300 2e-06
275400 1e-06
275500 1e-06
275600 1e-06
275700 1e-06
275800 1e-06
275900 1e-06
276000 1e-06
276100 2e-06
276200 1e-06
276300 0
276400 1e-06
276500 1e-06
276600 0
276700 1e-06
276800 1e-06
276900 1e-06
277000 0
277100 0
277200 1e-06
277300 1e-06
277400 0
277500 1e-06
277600 1e-06
277700 1e-06
277800 1e-06
277900 1e-06
278000 1e-06
278100 1e-06
278200 1e-06
278300 1e-06
278400 1e-06
278500 1e-06
278600 1e-06
278700 0
278800 1e-06
278900 1e-06
279000 1e-06
279100 2e-06
279200 2e-06
279300 1e-06
279400 2e-06
279500 1e-06
279600 1e-06
279700 3e-06
279800 1e-06
279900 0
280000 1e-06
280100 1e-06
280200 2e-06
280300 1e-06
280400 1e-06
280500 1e-06
280600 1e-06
280700 2e-06
280800 1e-06
280900 1e-06
281000 1e-06
281100 1e-06
281200 1e-06
281300 1e-06
281400 1e-06
281500 1e-06
281600 0
281700 1e-06
281800 1e-06
281900 1e-06
282000 1e-06
282100 1e-06
282200 0
282300 1e-06
282400 1e-06
282500 1e-06
282600 1e-06
282700 0
282800 1e-06
282900 1e-06
283000 1e-06
283100 1e-06
283200 1e-06
283300 1e-06
283400 1e-06
283500 1e-06
283600 1e-06
283700 0
283800 0
283900 1e-06
284000 1e-06
284100 2e-06
284200 2e-06
284300 1e-06
284400 1e-06
284500 1e-06
284600 1e-06
284700 2e-06
284800 1e-06
284900 1e-06
285000 2e-06
285100 1e-06
285200 1e-06
285300 1e-06
285400 1e-06
285500 1e-06
285600 1e-06
285700 1e-06
285800 1e-06
285900 1e-06
286000 0
286100 1e-06
286200 1e-06
286300 1e-06
286400 1e-06
286500 1e-06
286600 1e-06
286700 1e-06
286800 1e-06
286900 2e-06
287000 1e-06
287100 2e-06
287200 1e-06
287300 1e-06
287400 1e-06
287500 1e-06
287600 1e-06
287700 1e-06
287800 1e-06
287900 0
288000 1e-06
288100 1e-06
288200 0
288300 1e-06
288400 1e-06
288500 1e-06
288600 1e-06
288700 1e-06
288800 0
288900 1e-06
289000 1e-06
289100 1e-06
289200 2e-06
289300 1e-06
289400 1e-06
289500 1e-06
289600 1e-06
289700 1e-06
289800 2e-06
289900 0
290000 1e-06
290100 1e-06
290200 1e-06
290300 2e-06
290400 1e-06
290500 0
290600 1e-06
290700 1e-06
290800 1e-06
290900 1e-06
291000 1e-06
291100 0
291200 0
291300 0
291400 1e-06
291500 2e-06
291600 1e-06
291700 1e-06
291800 1e-06
291900 1e-06
292000 2e-06
292100 1e-06
292200 1e-06
292300 2e-06
292400 0
292500 2e-06
292600 2e-06
292700 0
292800 1e-06
292900 1e-06
293000 1e-06
293100 2e-06
293200 2e-06
293300 1e-06
293400 1e-06
293500 1e-06
293600 1e-06
293700 1e-06
293800 1e-06
293900 1e-06
294000 2e-06
294100 2e-06
294200 1e-06
294300 2e-06
294400 1e-06
294500 1e-06
294600 1e-06
294700 1e-06
294800 2e-06
294900 0
295000 0
295100 1e-06
295200 1e-06
295300 2e-06
295400 1e-06
295500 1e-06
295600 0
295700 1e-06
295800 1e-06
295900 1e-06
296000 1e-06
296100 1e-06
296200 0
296300 0
296400 1e-06
296500 1e-06
296600 1e-06
296700 1e-06
296800 0
296900 1e-06
297000 1e-06
297100 1e-06
297200 1e-06
297300 0
297400 1e-06
297500 1e-06
297600 1e-06
297700 1e-06
297800 1e-06
297900 1e-06
298000 1e-06
298100 1e-06
298200 1e-06
298300 1e-06
298400 1e-06
298500 1e-06
298600 2e-06
298700 1e-06
298800 1e-06
298900 1e-06
299000 1e-06
299100 1e-06
299200 1e-06
299300 1e-06
299400 1e-06
299500 0
299600 0
299700 1e-06
299800 0
299900 1e-06
300000 1e-06
300100 1e-06
300200 1e-06
300300 1e-06
300400 1e-06
300500 1e-06
300600 1e-06
300700 1e-06
300800 2e-06
300900 0
301000 0
301100 1e-06
301200 1e-06
301300 2e-06
301400 1e-06
301500 1e-06
301600 1e-06
301700 0
301800 2e-06
301900 1e-06
302000 1e-06
302100 1e-06
302200 1e-06
302300 1e-06
302400 1e-06
302500 4e-06
302600 1e-06
302700 0
302800 0
302900 1e-06
303000 2e-06
303100 1e-06
303200 1e-06
303300 1e-06
303400 2e-06
303500 2e-06
303600 1e-06
303700 1e-06
303800 1e-06
303900 0
304000 2e-06
304100 1e-06
304200 1e-06
304300 0
304400 1e-06
304500 2e-06
304600 0
304700 1e-06
304800 1e-06
304900 0
305000 1e-06
305100 1e-06
305200 2e-06
305300 1e-06
305400 0
305500 0
305600 1e-06
305700 0
305800 1e-06
305900 1e-06
306000 1e-06
306100 1e-06
306200 1e-06
306300 1e-06
306400 0
306500 0
306600 1e-06
306700 1e-06
306800 1e-06
306900 2e-06
307000 2e-06
307100 1e-06
307200 2e-06
307300 1e-06
307400 1e-06
307500 1e-06
307600 0
307700 1.4e-05
307800 1e-06
307900 1e-06
308000 0
308100 1e-06
308200 1e-06
308300 1e-06
308400 1e-06
308500 1e-06
308600 0
308700 0
308800 2e-06
308900 1e-06
309000 0
309100 1e-06
309200 1e-06
309300 1e-06
309400 2e-06
309500 1e-06
309600 1e-06
309700 0
309800 1e-06
309900 1e-06
310000 1e-06
310100 2e-06
310200 1e-06
310300 1e-06
310400 1e-06
310500 1e-06
310600 1e-06
310700 0
310800 0
310900 1e-06
311000 2e-06
311100 1e-06
311200 1e-06
311300 1e-06
311400 0
311500 1.8e-05
311600 1e-06
311700 0
311800 0
311900 2e-06
312000 2e-06
312100 0
312200 1e-06
312300 1e-06
312400 0
312500 0
312600 1e-06
312700 1e-06
312800 1e-06
312900 1e-06
313000 1e-06
313100 1e-06
313200 1e-06
313300 0
313400 1e-06
313500 1e-06
313600 0
313700 1e-06
313800 1e-06
313900 1e-06
314000 2e-06
314100 1e-06
314200 1e-06
314300 0
314400 2e-06
314500 1e-06
314600 1e-06
314700 1e-06
314800 1e-06
314900 1e-06
315000 1e-06
315100 1e-06
315200 1e-06
315300 1e-06
315400 1e-06
315500 1e-06
315600 1e-06
315700 2e-06
315800 1e-06
315900 1e-06
316000 1e-06
316100 1e-06
316200 1e-06
316300 1e-06
316400 1e-06
316500 0
316600 1e-06
316700 1e-06
316800 1e-06
316900 1e-06
317000 1e-06
317100 2e-06
317200 1e-06
317300 1e-06
317400 1e-06
317500 1e-06
317600 1e-06
317700 1e-06
317800 1e-06
317900 1e-06
318000 1e-06
318100 0
318200 1e-06
318300 1e-06
318400 1e-06
318500 1e-06
318600 1e-06
318700 0
318800 1e-06
318900 1e-06
319000 0
319100 1e-06
319200 1e-06
319300 1e-06
319400 1e-06
319500 2e-06
319600 1e-06
319700 0
319800 1e-06
319900 2e-06
320000 1e-06
320100 1e-06
320200 1e-06
320300 1e-06
320400 2e-06
320500 1e-06
320600 1e-06
320700 2e-06
320800 0
320900 1e-06
321000 1e-06
321100 0
321200 1e-06
321300 1e-06
321400 1e-06
321500 1e-06
321600 0
321700 1e-06
321800 1e-06
321900 1e-06
322000 1e-06
322100 1e-06
322200 1e-06
322300 1e-06
322400 2e-06
322500 1e-06
322600 0
322700 1e-06
322800 1e-06
322900 1e-06
323000 1e-06
323100 1e-06
323200 1e-06
323300 1e-06
323400 1e-06
323500 1e-06
323600 0
323700 1e-06
323800 1e-06
323900 1e-06
324000 1e-06
324100 1e-06
324200 2e-06
324300 1e-06
324400 1e-06
324500 2e-06
324600 1e-06
324700 0
324800 1e-06
324900 1e-06
325000 1e-06
325100 1e-06
325200 0
325300 1e-06
325400 1e-06
325500 1e-06
325600 1e-06
325700 1e-06
325800 1e-06
325900 0
326000 1e-06
326100 2e-06
326200 1e-06
326300 1e-06
326400 1e-06
326500 1e-06
326600 1e-06
326700 1e-06
326800 1e-06
326900 1e-06
327000 1e-06
327100 1e-06
327200 0
327300 1e-06
327400 2e-06
327500 1e-06
327600 1e-06
327700 1e-06
327800 1e-06
327900 1e-06
328000 1e-06
328100 1e-06
328200 1e-06
328300 1e-06
328400 0
328500 1e-06
328600 1e-06
328700 1e-06
328800 1e-06
328900 1e-06
329000 2e-06
329100 1e-06
329200 1e-06
329300 1e-06
329400 1e-06
329500 1e-06
329600 2e-06
329700 1e-06
329800 0
329900 2e-06
330000 0
330100 1e-06
330200 2e-06
330300 1e-06
330400 1e-06
330500 0
330600 1e-06
330700 2e-06
330800 1e-06
330900 2e-06
331000 0
331100 1e-06
331200 1e-06
331300 1e-06
331400 1e-06
331500 1e-06
331600 1e-06
331700 2e-06
331800 1e-06
331900 1e-06
332000 1e-06
332100 1e-06
332200 1e-06
332300 0
332400 2e-06
332500 1e-06
332600 1e-06
332700 1e-06
332800 0
332900 0
333000 0
333100 1e-06
333200 1e-06
333300 1e-06
333400 1e-06
333500 1e-06
333600 1e-06
333700 1e-06
333800 1e-06
333900 1e-06
334000 1e-06
334100 2e-06
334200 1e-06
334300 1e-06
334400 1e-06
334500 1e-06
334600 1e-06
334700 1e-06
334800 1e-06
334900 1e-06
335000 1e-06
335100 1e-06
335200 1e-06
335300 0
335400 1e-06
335500 1e-06
335600 1e-06
335700 2e-06
335800 1e-06
335900 1e-06
336000 2e-06
336100 1e-06
336200 1e-06
336300 1e-06
336400 1e-06
336500 0
336600 0
336700 1e-06
336800 1e-06
336900 0
337000 0
337100 1e-06
337200 1e-06
337300 1e-06
337400 1e-06
337500 2e-06
337600 1e-06
337700 2e-06
337800 1e-06
337900 1e-06
338000 1e-06
338100 1e-06
338200 2e-06
338300 1e-06
338400 1e-06
338500 1e-06
338600 1e-06
338700 2e-06
338800 1e-06
338900 1e-06
339000 1e-06
339100 1e-06
339200 1e-06
339300 1e-06
339400 1e-06
339500 1e-06
339600 0
339700 2e-06
339800 1e-06
339900 0
340000 1e-06
340100 1e-06
340200 2e-06
340300 1e-06
340400 0
340500 1e-06
340600 1e-06
340700 2e-06
340800 0
340900 0
341000 1e-06
341100 1e-06
341200 2e-06
341300 2e-06
341400 1e-06
341500 1e-06
341600 1e-06
341700 1e-06
341800 2e-06
341900 1e-06
342000 1e-06
342100 0
342200 2e-06
342300 1e-06
342400 1e-06
342500 0
342600 1e-06
342700 1e-06
342800 1e-06
342900 1e-06
343000 1e-06
343100 1e-06
343200 1e-06
343300 0
343400 1e-06
343500 1e-06
343600 0
343700 2e-06
343800 1e-06
343900 1e-06
344000 1e-06
344100 1e-06
344200 1e-06
344300 1e-06
344400 1e-06
344500 0
344600 1e-06
344700 2e-06
344800 0
344900 1e-06
345000 1e-06
345100 1e-06
345200 1e-06
345300 1e-06
345400 0
345500 1e-06
345600 2e-06
345700 1e-06
345800 1e-06
345900 1e-06
346000 1e-06
346100 1e-06
346200 1e-06
346300 1e-06
346400 1e-06
346500 1e-06
346600 1e-06
346700 1e-06
346800 1e-06
346900 1e-06
347000 1e-06
347100 1e-06
347200 1e-06
347300 1e-06
347400 1e-06
347500 1e-06
347600 2e-06
347700 1e-06
347800 1e-06
347900 1e-06
348000 0
348100 1e-06
348200 1e-06
348300 1e-06
348400 1e-06
348500 1e-06
348600 1e-06
348700 1e-06
348800 1e-06
348900 1e-06
349000 1e-06
349100 1e-06
349200 1e-06
349300 1e-06
349400 1e-06
349500 0
349600 1e-06
349700 1e-06
349800 0
349900 1e-06
350000 1e-06
350100 1e-06
350200 1e-06
350300 1e-06
350400 0
350500 1e-06
350600 2e-06
350700 1e-06
350800 1e-06
350900 1e-06
351000 2e-06
351100 2e-06
351200 0
351300 1e-06
351400 1e-06
351500 1e-06
351600 1e-06
351700 1e-06
351800 1e-06
351900 1e-06
352000 1e-06
352100 1e-06
352200 1e-06
352300 2e-06
352400 0
352500 1e-06
352600 1e-06
352700 1e-06
352800 1e-06
352900 0
353000 1e-06
353100 1e-06
353200 1e-06
353300 1e-06
353400 2e-06
353500 1e-06
353600 0
353700 1e-06
353800 2e-06
353900 1e-06
354000 1e-06
354100 1e-06
354200 1e-06
354300 0
354400 2e-06
354500 1e-06
354600 0
354700 1e-06
354800 1e-06
354900 1e-06
355000 0
355100 1e-06
355200 0
355300 2e-06
355400 1e-06
355500 0
355600 1e-06
355700 1e-06
355800 0
355900 1e-06
356000 0
356100 1e-06
356200 1e-06
356300 1e-06
356400 1e-06
356500 1e-06
356600 1e-06
356700 1e-06
356800 1e-06
356900 1e-06
357000 1e-06
357100 2e-06
357200 1e-06
357300 2e-06
357400 1e-06
357500 0
357600 1e-06
357700 1e-06
357800 1e-06
357900 1e-06
358000 1e-06
358100 1e-06
358200 1e-06
358300 2e-06
358400 1e-06
358500 2e-06
358600 1e-06
358700 2e-06
358800 1e-06
358900 1e-06
359000 0
359100 2e-06
359200 1e-06
359300 1e-06
359400 1e-06
359500 1e-06
359600 1e-06
359700 1e-06
359800 1e-06
359900 1e-06
360000 1e-06
360100 1e-06
360200 1e-06
360300 1e-06
360400 0
360500 1e-06
360600 2e-06
360700 1e-06
360800 1e-06
360900 1e-06
361000 1e-06
361100 1e-06
361200 1e-06
361300 0
361400 1e-06
361500 1e-06
361600 1e-06
361700 1e-06
361800 2e-06
361900 1e-06
362000 1e-06
362100 1e-06
362200 1e-06
362300 1e-06
362400 1e-06
362500 2e-06
362600 1e-06
362700 1e-06
362800 0
362900 0
363000 1e-06
363100 1e-06
363200 2e-06
363300 1e-06
363400 1e-06
363500 1e-06
363600 0
363700 1e-06
363800 0
363900 1e-06
364000 1e-06
364100 0
364200 1e-06
364300 1e-06
364400 1e-06
364500 1e-06
364600 1e-06
364700 1e-06
364800 1e-06
364900 1e-06
365000 1e-06
365100 0
365200 1e-06
365300 2e-06
365400 1e-06
365500 1e-06
365600 1e-06
365700 1e-06
365800 2e-06
365900 0
366000 1e-06
366100 1e-06
366200 1e-06
366300 2e-06
366400 1e-06
366500 1e-06
366600 1e-06
366700 1e-06
366800 0
366900 2e-06
367000 0
367100 1e-06
367200 1e-06
367300 1e-06
367400 1e-06
367500 1e-06
367600 1e-06
367700 1e-06
367800 1e-06
367900 1e-06
368000 2e-06
368100 0
368200 1e-06
368300 1e-06
368400 1e-06
368500 1e-06
368600 2e-06
368700 1e-06
368800 1e-06
368900 1e-06
369000 1e-06
369100 2e-06
369200 0
369300 1e-06
369400 1e-06
369500 2e-06
369600 0
369700 1e-06
369800 1e-06
369900 1e-06
370000 2e-06
370100 1e-06
370200 1e-06
370300 1e-06
370400 1e-06
370500 2e-06
370600 1e-06
370700 0
370800 1e-06
370900 1e-06
371000 1e-06
371100 1e-06
371200 1e-06
371300 1e-06
371400 1e-06
371500 2e-06
371600 1e-06
371700 1e-06
371800 0
371900 1e-06
372000 1e-06
372100 0
372200 1e-06
372300 1e-06
372400 1e-06
372500 1e-06
372600 1e-06
372700 1e-06
372800 1e-06
372900 1e-06
373000 1e-06
373100 1e-06
373200 1e-06
373300 1e-06
373400 1e-06
373500 1e-06
373600 1e-06
373700 1e-06
373800 1e-06
373900 1e-06
374000 1e-06
374100 1e-06
374200 1e-06
374300 1e-06
374400 1e-06
374500 1e-06
374600 1e-06
374700 1e-06
374800 0
374900 1e-06
375000 1e-06
375100 2e-06
375200 0
375300 1e-06
375400 1e-06
375500 1e-06
375600 1e-06
375700 1e-06
375800 1e-06
375900 1e-06
376000 2e-06
376100 1e-06
376200 1e-06
376300 1e-06
376400 1e-06
376500 1e-06
376600 1e-06
376700 0
376800 1e-06
376900 0
377000 2e-06
377100 1e-06
377200 1e-06
377300 1e-06
377400 1e-06
377500 1e-06
377600 1e-06
377700 1e-06
377800 1e-06
377900 2e-06
378000 1e-06
378100 1e-06
378200 0
378300 1e-06
378400 1e-06
378500 1e-06
378600 1e-06
378700 0
378800 1e-06
378900 2e-06
379000 1e-06
379100 1e-06
379200 1e-06
379300 2e-06
379400 0
379500 1e-06
379600 1e-06
379700 1e-06
379800 1e-06
379900 0
380000 1e-06
380100 2e-06
380200 1e-06
380300 1e-06
380400 1e-06
380500 1e-06
380600 2e-06
380700 1e-06
380800 1e-06
380900 0
381000 0
381100 1e-06
381200 1e-06
381300 1e-06
381400 1e-06
381500 1e-06
381600 1e-06
381700 1e-06
381800 1e-06
381900 0
382000 1e-06
382100 0
382200 1e-06
382300 1e-06
382400 0
382500 2e-06
382600 1e-06
382700 1e-06
382800 1e-06
382900 1e-06
383000 1e-06
383100 1e-06
383200 1e-06
383300 1e-06
383400 1e-06
383500 1e-06
383600 0
383700 1e-06
383800 1e-06
383900 1e-06
384000 0
384100 1e-06
384200 1e-06
384300 1e-06
384400 1e-06
384500 0
384600 1e-06
384700 2e-06
384800 1e-06
384900 2e-06
385000 1e-06
385100 1e-06
385200 1e-06
385300 1e-06
385400 1e-06
385500 0
385600 1e-06
385700 1e-06
385800 1e-06
385900 1e-06
386000 1e-06
386100 1e-06
386200 1e-06
386300 1e-06
386400 1e-06
386500 2e-06
386600 1e-06
386700 1e-06
386800 0
386900 1e-06
387000 1e-06
387100 2e-06
387200 1e-06
387300 1e-06
387400 1e-06
387500 1e-06
387600 1e-06
387700 1e-06
387800 1e-06
387900 1e-06
388000 2e-06
388100 1e-06
388200 1e-06
388300 1e-06
388400 2e-06
388500 1e-06
388600 1e-06
388700 1e-06
388800 1e-06
388900 1e-06
389000 1e-06
389100 1e-06
389200 2e-06
389300 1e-06
389400 1e-06
389500 1e-06
389600 1e-06
389700 1e-06
389800 1e-06
389900 0
390000 1e-06
390100 1e-06
390200 1e-06
390300 0
390400 1e-06
390500 1e-06
390600 2e-06
390700 1e-06
390800 1e-06
390900 2e-06
391000 1e-06
391100 1e-06
391200 0
391300 1e-06
391400 1e-06
391500 2e-06
391600 1e-06
391700 1e-06
391800 1e-06
391900 1e-06
392000 1e-06
392100 1e-06
392200 1e-06
392300 1e-06
392400 1e-06
392500 1e-06
392600 1e-06
392700 0
392800 1e-06
392900 1e-06
393000 1e-06
393100 1e-06
393200 1e-06
393300 1e-06
393400 1e-06
393500 1e-06
393600 1e-06
393700 1e-06
393800 1e-06
393900 1e-06
394000 1e-06
394100 0
394200 1e-06
394300 0
394400 1e-06
394500 1e-06
394600 2e-06
394700 1e-06
394800 1e-06
394900 0
395000 2e-06
395100 1e-06
395200 1e-06
395300 2e-06
395400 1e-06
395500 1e-06
395600 0
395700 0
395800 1e-06
395900 1e-06
396000 1e-06
396100 0
396200 1e-06
396300 1e-06
396400 2e-06
396500 1e-06
396600 1e-06
396700 1e-06
396800 1e-06
396900 1e-06
397000 1e-06
397100 1e-06
397200 1e-06
397300 1e-06
397400 1e-06
397500 1e-06
397600 1e-06
397700 1e-06
397800 0
397900 1e-06
398000 1e-06
398100 1e-06
398200 1e-06
398300 1e-06
398400 0
398500 1e-06
398600 1e-06
398700 1e-06
398800 1e-06
398900 1e-06
399000 1e-06
399100 1e-06
399200 1e-06
399300 1e-06
399400 3e-06
399500 1e-06
399600 1e-06
399700 0
399800 1e-06
399900 2e-06
400000 1e-06
400100 1e-06
400200 1e-06
400300 1e-06
400400 1e-06
400500 1e-06
